%YAML:1.0
description: "0"
samples:
   - !!opencv-matrix
      rows: 198
      cols: 1
      dt: d
      data: [ -2.0771804675547013e+01, -1.9784983877371495e+01,
          -1.8399378560419120e+01, -1.6728731361912132e+01,
          -1.4530146246102618e+01, -1.1519727070107054e+01,
          -7.8424350456934810e+00, -3.5556621764025080e+00,
          1.2362569829498993e+00, 6.1094133828914368e+00,
          1.0116981088560216e+01, 1.3388574765196838e+01,
          1.5929633968910055e+01, 1.7632161234104540e+01,
          1.8739929876428295e+01, 1.9460988750257684e+01,
          1.9698364271752304e+01, -1.7987084567278266e+01,
          -1.5915683787146897e+01, -1.2812988364048133e+01,
          -9.3562139890173697e+00, -5.9356143664860834e+00,
          3.3478529506499477e+00, 6.5054577649339080e+00,
          9.8514605611051334e+00, 1.3079861670078861e+01,
          1.5576764473550673e+01, -5.8541486261199460e-01,
          -3.6255064219032102e-01, -1.3954345763531240e-01,
          7.8074345364616868e-02, -2.7596118339759332e+00,
          -1.2327320671026156e+00, 3.6708589002466308e-01,
          1.9204527437405177e+00, 3.3487497243717659e+00,
          -1.2519071833539218e+01, -1.0610576569743884e+01,
          -8.1569875097963553e+00, -6.0266846302680843e+00,
          -8.1278936296083906e+00, -1.0378372323261496e+01,
          4.8850148911976667e+00, 6.8194976578667506e+00,
          9.2663920887118358e+00, 1.1340080204767032e+01,
          9.3069905266058566e+00, 7.0566345642478785e+00,
          -5.0047129480265156e+00, -3.6053005956799389e+00,
          -1.7675562334319266e+00, 4.9705145934906236e-01,
          2.7269333333327088e+00, 4.6891489726591740e+00,
          6.2237190214991962e+00, 4.6132033346019394e+00,
          2.7466458688100195e+00, 7.1411055649202615e-01,
          -1.3078946325350786e+00, -3.2602603255048104e+00,
          -1.2653532403207570e+00, 6.1110298835520405e-01,
          2.4657956526197973e+00, 2.3077911458408447e+00,
          5.7484105478146719e-01, -1.1772311899402184e+00,
          -4.5002408539688696e+00, 3.0357292001582520e-01,
          5.0481723664312286e+00, 9.6391516688922660e+00,
          1.3799550646589834e+01, 1.7368271312971313e+01,
          2.0321616564156464e+01, 2.2344561804979332e+01,
          2.2665672637097252e+01, 2.1662924115592567e+01,
          1.8907206662625530e+01, 1.5320741026533382e+01,
          1.1244940694447386e+01, 6.7639508594856714e+00,
          1.9754947634491251e+00, -2.9232567893931560e+00,
          -7.8345707078421984e+00, -1.4254293804744874e+01,
          -1.7051797539377457e+01, -1.8622244328704820e+01,
          -1.8919499811325139e+01, -1.8370725374619550e+01,
          -1.8928665240250339e+01, -2.0019086505141519e+01,
          -2.0299257832752552e+01, -1.9393901958996384e+01,
          -1.7182957189974410e+01, -1.1691776445492930e+01,
          -8.3331780272532399e+00, -4.9835923925513530e+00,
          -1.6275395700285435e+00, 2.0425011059004765e+00,
          2.3999675903697995e+00, 2.4529998236934114e+00,
          2.2064786429042758e+00, 1.6626580421299519e+00,
          -9.7207086789371804e+00, -1.1181747830786630e+01,
          -1.1415893100830706e+01, -1.0348816367433695e+01,
          -9.5628723168520384e+00, -9.2793227270290100e+00,
          -1.1139138509658776e+01, -1.2480571586427510e+01,
          -1.2608278401523725e+01, -1.1423372127946966e+01,
          -1.0673236534690377e+01, -1.0643274219169811e+01,
          9.7871297143430542e+00, 7.8370706901573950e+00,
          6.2697129486341048e+00, 6.3428801759351332e+00,
          6.0036401887170641e+00, 7.3557956485840954e+00,
          9.1515618778390468e+00, 1.0239786082754060e+01,
          1.0905082936963572e+01, 1.1169964507001497e+01,
          1.1122585167015112e+01, 1.0689569122128141e+01,
          8.5944277717122741e+00, 8.3653962129471733e+00,
          8.4024607267477212e+00, 8.2694981869973354e+00,
          8.3150370715948601e+00, 8.4618908732142248e+00,
          2.1338399673678929e+01, 2.0723270328919867e+01,
          2.0400581206297606e+01, 1.8520813016750189e+01,
          1.3293430104951417e+01, 7.9434538631938896e+00,
          3.4875749811403161e+00, -7.6345864481293602e-01,
          -4.4851965838356733e+00, -6.7494577626821317e-01,
          3.6083622557066093e+00, 8.0987824825394696e+00,
          1.3477175150007847e+01, 1.8619671280884589e+01,
          2.0572354683091106e+01, 2.0897879912752131e+01,
          2.1448892076487709e+01, 4.4222526485175750e-01,
          -1.5961947141129929e+00, -2.9092128363440275e+00,
          -4.1152398746875063e+00, -5.2007966632308982e+00,
          -5.2250380877452596e+00, -4.0442009405522334e+00,
          -2.7429292664598748e+00, -1.3347008774573565e+00,
          6.1303331161649677e-01, -4.7449724719724280e+00,
          -7.8369501927331822e+00, -1.0837600440509032e+01,
          -1.3431448994547164e+01, -6.7111087840349821e+00,
          -7.4160981418002558e+00, -8.1081011666063549e+00,
          -7.3593015109032995e+00, -6.6327713097062855e+00,
          -8.4484715233355367e-01, -1.1199377770940255e+00,
          -1.1967914829409376e+00, -9.4607066367202530e-01,
          -1.1064414060478569e+00, -1.0401494935811870e+00,
          -8.7766228256630929e-01, -1.0667244965672136e+00,
          -9.6253920641275847e-01, -6.9934928005603836e-01,
          -9.1403670036491580e-01, -1.0086313024897906e+00,
          -2.7542632188406437e+00, -5.2048841511162838e+00,
          -6.7419762419146920e+00, -8.4031623058056972e+00,
          -6.6635048366641323e+00, -5.0899079462555399e+00,
          -2.6380299974996930e+00, -3.8400257297371567e+00,
          -5.0884988063703407e+00, -6.6281409247376288e+00,
          -5.1499612490901878e+00, -3.8528758492554815e+00,
          -5.2970614232641342e+00, -7.3489376925241316e+00,
          -5.1904723468967608e+00, -4.5435786119405011e+00,
          -6.4679116472598537e+00, -4.6291494635387247e+00 ]
   - !!opencv-matrix
      rows: 198
      cols: 1
      dt: d
      data: [ -2.0625502888868226e+01, -1.9623125169655708e+01,
          -1.8233155088267303e+01, -1.6592797235679527e+01,
          -1.4436740648802624e+01, -1.1468521917505912e+01,
          -7.8391470697218644e+00, -3.5885554611845749e+00,
          1.1932775330290630e+00, 6.0769832298369524e+00,
          1.0048618989599484e+01, 1.3276283060743465e+01,
          1.5793962059180249e+01, 1.7493690409469401e+01,
          1.8597750104708489e+01, 1.9326980511553121e+01,
          1.9572059166759225e+01, -1.7923067433282196e+01,
          -1.5827742462075818e+01, -1.2741736404480996e+01,
          -9.3300000232692870e+00, -5.9542948403173730e+00,
          3.3222559020451268e+00, 6.4162842078551998e+00,
          9.7009043541535540e+00, 1.2900693563111606e+01,
          1.5435733561143538e+01, -5.6482465676072224e-01,
          -3.4708141723686708e-01, -1.2982256563083794e-01,
          8.2214723469084913e-02, -2.7571883163885129e+00,
          -1.2237853268322145e+00, 3.8939348849713951e-01,
          1.9547513104643499e+00, 3.3878195069480133e+00,
          -1.2602226788178355e+01, -1.0661310283520203e+01,
          -8.0914696966160449e+00, -5.9476879277015611e+00,
          -8.1050730775126247e+00, -1.0430992583088305e+01,
          4.8615665643680490e+00, 6.7657869140964166e+00,
          9.3180403996627739e+00, 1.1443224329549709e+01,
          9.4071696070235795e+00, 7.0891269198964535e+00,
          -4.9980486569891145e+00, -3.5550133563047517e+00,
          -1.7142205635930767e+00, 5.1582446597930931e-01,
          2.7110628466423785e+00, 4.6633995992796882e+00,
          6.2236577981609296e+00, 4.6411637395138579e+00,
          2.7703510284466626e+00, 7.2371799355927990e-01,
          -1.3112745741437066e+00, -3.2734006720625581e+00,
          -1.2181105206874920e+00, 6.2640109054037496e-01,
          2.4495435038464466e+00, 2.2910465000449260e+00,
          5.8637036231357154e-01, -1.1363753654626352e+00,
